00000000000000000000000000000000
00001000000000010000000000110010
00010001111101000000000000000100
00011000000000010100000000000100
00101000000000010000000000000101
00110000000000011000000000000101
00111000000000010000000000000110
01000000000000010000000000000101
01001000000000011000000000000101
01010000000000010000000000000101
01011000000000010100000000000110
01100000000000010000000000000110
01101000000000010100000000000000
00100000000000011000011111010000
01110000000000011000000000000010
01111000000000010100000000000011
10000000000000010000000000010000
10001000000000010100000000000110
11111000000000000000000000000000
