00000000000000000000000000000000
00001000000000010000000000000000
00010000000000000000000000000100
00001000000000010000000000001010
00010000000000000100000000000100
00001000000000010000000000000010
00010000000000001000000000000100
00001000000000010000000000000100
00010000000000001100000000000100
00001000000000010000000000000000
00010000000000010000000000000100
00001000000000010000000000000000
00010000000000010100000000000100
00001000000000010000000000000000
00010000000000011000000000000100
00100000000000010000000000000001
00001000000000010100000000000101
11001000000000010000000000000101
10100001111110101100000000000000
00100000000000010000000000000001
00001000000000010100000000000010
01000000000000010000000000000101
00010000000000000100000000000100
00100000000000010000000000000010
00001000000000010100000000000001
00101000000000010000000000000101
00010000000000001000000000000100
10010001111111001100000000000000
00100000000000010000000000000001
00001000000000010100000000000010
00111000000000010000000000000101
00010000000000000100000000000100
00100000000000010000000000000010
00001000000000010100000000000001
00110000000000010000000000000101
00010000000000001000000000000100
00100000000000010000000000000000
00100000000000010100000000000011
11010000000000010000000000000101
10100010000001111100000000000000
00100000000000010000000000000010
00010000000000011000000000000100
00100000000000010000000000000001
00010000000000010000000000000100
00100000000000010000000000000100
00100000000000010100000000000110
01001000000000010000000000000101
00010000000000010000000000000100
00100000000000010000000000000100
00001000000000010100000000000000
11001000000000010000000000000101
10100010000000100000000000000000
00100000000000010000000000000001
00100000000000010100000000000100
00101000000000010000000000000101
00010000000000000100000000000100
10010010000001001000000000000000
00100000000000010000000000000010
00010000000000011000000000000100
00100000000000010000000000000110
00001000000000010100000000000010
01000000000000010000000000000101
00010000000000011000000000000100
00100000000000010000000000000001
00100000000000010100000000000110
00110000000000010000000000000101
00010000000000000100000000000100
00100000000000010000000000000010
00001000000000010100000000000010
11010000000000010000000000000101
10100010000001101000000000000000
00100000000000010000000000000101
00001000000000010100000000000001
00101000000000010000000000000101
00010000000000010100000000000100
00100000000000010000000000000000
00001000000000010100000000000001
00101000000000010000000000000101
00010000000000000000000000000100
10010001111111001100000000000000
00100000000000010000000000000001
00010000000000011100000000000100
00100000000000010000000000000101
00100000000000010100000000000000
00101000000000010000000000000101
00010000000000100000000000000100
00100000000001110000000000001000
10010010000010100100000000000000
00010000000000100100000000011100
10010010000010111100000000000000
00010000000000000000000000011100
00100000000000011000000000000000
00111000000000011000000000000110
00010000000000001000000000000110
00100000000001110000000000000010
10010010000010011100000000000000
11110000000000000000000000000000
11111000000000000000000000000000
