00000000000000000000000000000000
main:
00001000000000010000000000000000
00010000000000000000000000000100
00001000000000010000000000001010
00010000000000000100000000000100
00001000000000010000000000000010
00010000000000001000000000000100
00001000000000010000000000000100
00010000000000001100000000000100
00001000000000010000000000000000
00010000000000010000000000000100
00001000000000010000000000000000
00010000000000010100000000000100
00001000000000010000000000000000
00010000000000011000000000000100
00100000000000010000000000000001
00001000000000010100000000000101
11001000000000010000000000000101
101008jmp1800000000000000
00100000000000010000000000000001
00001000000000010100000000000010
01000000000000010000000000000101
00010000000000000100000000000100
00100000000000010000000000000010
00001000000000010100000000000001
00101000000000010000000000000101
00010000000000001000000000000100
100108jmp2800000000000000
jmp1:
00100000000000010000000000000001
00001000000000010100000000000010
00111000000000010000000000000101
00010000000000000100000000000100
00100000000000010000000000000010
00001000000000010100000000000001
00110000000000010000000000000101
00010000000000001000000000000100
jmp2:
jmp6:
00100000000000010000000000000000
00100000000000010100000000000011
11010000000000010000000000000101
101008jmp7800000000000000
00100000000000010000000000000010
00010000000000011000000000000100
00100000000000010000000000000001
00010000000000010000000000000100
00100000000000010000000000000100
00100000000000010100000000000110
01001000000000010000000000000101
00010000000000010000000000000100
00100000000000010000000000000100
00001000000000010100000000000000
11001000000000010000000000000101
101008jmp3800000000000000
00100000000000010000000000000001
00100000000000010100000000000100
00101000000000010000000000000101
00010000000000000100000000000100
100108jmp4800000000000000
jmp3:
00100000000000010000000000000010
00010000000000011000000000000100
00100000000000010000000000000110
00001000000000010100000000000010
01000000000000010000000000000101
00010000000000011000000000000100
00100000000000010000000000000001
00100000000000010100000000000110
00110000000000010000000000000101
00010000000000000100000000000100
jmp4:
00100000000000010000000000000010
00001000000000010100000000000010
11010000000000010000000000000101
101008jmp5800000000000000
00100000000000010000000000000101
00001000000000010100000000000001
00101000000000010000000000000101
00010000000000010100000000000100
jmp5:
00100000000000010000000000000000
00001000000000010100000000000001
00101000000000010000000000000101
00010000000000000000000000000100
100108jmp6800000000000000
jmp7:
00100000000000010000000000000001
00010000000000011100000000000100
00100000000000010000000000000101
00100000000000010100000000000000
00101000000000010000000000000101
00010000000000100000000000000100
00100000000001110000000000001000
100108pow800000000000000
jmp_ret_8:
00010000000000100100000000011100
100108jump_fin800000000000000
pow:
00010000000000000000000000011100
00100000000000011000000000000000
00111000000000011000000000000110
00010000000000001000000000000110
00100000000001110000000000000010
100108jmp_ret_8800000000000000
jump_fin:
11110000000000000000000000000000
11111000000000000000000000000000
